1024 1047
206 583
566 972
246 693
154 682
473 914
763 840
175 503
695 917
211 458
511 765
595 979
394 935
4 865
155 757
265 337
104 112
344 664
15 367
56 332
443 802
400 634
165 550
138 235
178 888
601 914
397 564
309 881
362 642
146 366
767 898
439 788
805 827
877 952
151 469
330 797
106 236
358 960
178 1016
791 936
928 1022
76 174
418 688
409 572
318 525
396 958
631 857
270 867
170 448
317 679
800 950
142 194
462 670
153 196
76 247
20 53
68 609
471 784
161 827
772 802
112 198
204 642
56 610
607 1001
108 569
691 897
175 1003
606 850
228 658
105 303
336 934
112 833
541 961
302 577
214 533
731 778
624 1013
119 562
42 577
588 701
502 1016
486 549
384 446
47 533
435 539
203 973
427 960
255 932
644 920
16 149
59 655
539 554
288 486
201 967
662 869
36 133
504 987
16 811
359 586
494 596
385 1017
539 867
472 771
840 945
33 79
79 362
548 571
246 648
500 939
635 975
141 561
231 659
180 181
472 557
173 857
43 773
200 876
18 298
79 243
119 123
393 950
89 311
171 921
7 145
188 825
535 758
45 611
797 943
114 519
42 241
576 797
534 940
290 457
121 156
224 316
701 893
610 972
176 380
588 882
17 311
802 833
213 867
77 241
167 685
182 975
256 425
462 708
209 288
398 986
301 456
196 847
295 788
866 926
338 810
825 982
288 545
121 306
94 473
215 939
10 235
382 592
62 440
30 42
44 800
253 934
377 913
632 855
164 624
8 778
494 944
247 751
213 916
319 373
53 249
229 911
656 699
27 991
205 483
305 771
25 385
70 765
216 426
152 220
486 666
528 884
487 922
8 487
383 709
574 607
1 100
702 721
12 682
402 439
703 761
12 198
43 1009
423 447
215 435
85 814
422 686
376 445
559 941
173 402
527 554
111 333
699 854
854 896
175 753
59 832
35 344
336 755
445 975
449 789
310 947
247 896
220 554
653 793
267 806
725 866
39 888
442 831
256 309
424 486
279 860
196 910
650 792
15 125
219 386
31 936
157 748
37 441
583 712
562 737
433 636
765 867
108 538
627 771
215 827
418 588
114 696
29 626
722 724
436 906
720 927
116 1012
324 460
39 562
91 355
403 996
657 925
253 269
196 753
56 620
153 977
99 391
115 214
87 244
95 197
227 824
530 627
310 600
180 570
218 701
628 752
910 954
210 261
522 742
39 996
242 272
629 766
209 801
63 534
918 978
149 787
48 884
312 543
534 822
400 770
242 951
325 879
106 340
876 887
477 1010
301 337
483 922
180 721
289 994
754 864
469 920
381 409
64 511
657 680
162 405
354 694
121 669
683 939
301 729
361 729
613 867
488 517
545 640
363 930
740 886
581 646
169 323
211 870
382 503
843 884
546 574
218 348
148 166
4 764
245 450
339 600
323 539
515 941
704 718
138 749
313 572
4 359
460 1008
166 678
186 348
482 1005
80 520
757 904
716 944
699 920
536 859
523 758
371 767
573 977
250 850
216 685
147 352
120 383
42 853
34 798
479 505
147 871
52 343
341 506
442 738
109 137
621 866
154 849
504 984
49 340
758 858
876 945
153 839
581 712
547 608
208 413
433 515
111 667
800 995
192 274
597 871
303 507
148 851
511 1002
548 751
380 808
132 961
443 475
152 155
417 911
335 787
426 862
566 639
74 400
685 951
49 709
12 225
52 824
338 770
562 863
442 475
627 718
618 766
186 763
526 874
143 260
275 281
96 737
21 902
16 656
124 1006
415 545
23 162
141 215
36 483
182 883
31 550
433 791
430 844
781 872
191 556
15 882
445 675
63 293
995 1023
327 404
472 621
12 372
627 646
266 753
152 797
495 638
669 740
250 814
505 1019
756 970
487 662
610 737
491 1006
278 492
254 753
494 634
40 124
186 715
459 641
147 348
308 945
43 434
338 567
807 899
329 540
340 538
700 730
242 255
116 854
254 670
20 757
728 957
43 533
66 469
55 934
718 854
3 71
117 919
22 1002
84 677
628 992
474 768
425 938
29 622
666 764
250 611
451 483
278 430
616 966
410 485
467 602
404 622
149 561
643 651
98 900
322 617
103 557
523 549
557 693
485 757
423 512
552 588
837 840
152 304
9 725
693 956
228 518
208 247
374 1009
732 791
87 779
267 366
599 854
547 986
725 846
454 835
6 864
110 167
75 633
78 907
69 189
206 967
153 823
503 861
383 872
13 624
421 1017
698 966
230 267
582 968
347 428
867 999
357 611
615 938
13 908
39 48
28 549
265 555
525 538
283 922
50 224
107 1012
348 462
461 1009
41 891
141 780
468 806
193 739
405 787
676 785
420 578
225 981
487 895
454 931
705 978
247 903
272 786
115 131
394 439
205 563
423 738
74 474
145 513
317 610
550 681
245 798
300 565
149 872
648 880
259 807
765 892
416 467
753 938
151 155
109 536
488 777
529 651
19 226
147 385
928 965
672 714
125 1020
362 965
8 638
878 1019
513 778
160 821
108 552
605 719
70 915
347 436
259 828
470 537
785 970
105 967
312 329
435 590
617 976
341 700
459 753
49 413
24 99
76 319
645 680
520 912
33 121
244 450
400 999
117 752
120 649
60 115
51 994
446 688
152 912
749 753
246 518
659 990
390 599
120 856
559 883
42 354
241 713
88 953
669 879
378 424
100 518
826 871
287 360
82 440
862 893
722 857
349 973
268 845
475 651
67 119
22 335
354 986
572 904
858 924
398 551
373 927
351 845
288 607
354 464
87 665
359 494
381 684
150 283
486 609
804 859
259 892
437 811
619 697
346 551
365 750
206 599
34 698
87 248
520 657
764 916
150 603
424 502
111 453
888 964
773 775
694 717
114 934
669 696
465 479
602 988
258 904
207 245
826 870
273 585
444 678
258 896
137 997
171 445
318 389
65 88
441 612
91 1000
219 789
59 487
47 738
263 768
161 528
294 640
218 681
19 199
177 378
325 660
65 708
454 836
256 361
51 438
500 699
341 696
314 936
580 682
321 392
870 1021
16 254
264 634
9 986
602 801
555 751
124 282
444 696
205 681
38 304
94 657
145 434
282 630
811 999
100 725
390 703
205 410
295 950
751 936
310 899
677 798
256 721
750 923
238 306
40 292
688 943
504 912
506 609
39 971
594 935
467 634
803 852
120 311
355 376
24 509
143 941
136 223
140 460
34 806
813 1000
140 592
365 603
587 661
128 718
394 918
750 977
102 725
628 899
380 920
23 45
798 944
3 827
220 400
379 930
696 707
606 721
233 966
250 645
501 504
175 394
415 532
285 334
15 986
163 742
3 951
381 438
372 962
509 1020
211 575
757 917
756 759
186 868
593 862
686 894
107 394
73 664
882 914
641 825
184 716
178 230
403 596
73 680
49 249
546 1012
202 986
467 723
545 920
268 282
333 937
209 406
347 484
115 122
521 850
151 950
71 158
601 828
353 955
81 583
437 816
474 494
129 1004
375 913
486 966
384 607
281 345
319 540
274 454
261 263
86 504
572 762
746 770
480 507
16 325
535 889
488 755
391 466
513 655
244 795
35 525
244 322
443 641
26 957
24 957
366 597
390 951
449 1000
8 501
502 590
696 803
375 589
482 950
127 184
801 896
194 953
220 954
601 896
344 863
437 643
386 436
331 888
635 639
34 648
77 320
315 521
443 692
264 816
143 913
73 688
68 753
117 939
369 590
365 625
202 950
23 1011
681 990
475 731
538 571
453 666
348 460
64 563
243 476
180 499
657 760
479 632
96 599
546 723
305 858
118 446
113 1004
78 381
402 822
655 954
50 778
786 792
217 693
442 755
223 589
206 656
77 753
374 409
48 200
111 682
966 969
20 269
445 925
402 862
680 887
108 694
182 598
422 648
697 743
483 731
111 952
246 764
292 1011
321 1021
220 695
160 273
730 857
362 938
255 377
829 1003
880 889
55 531
233 265
177 958
45 500
354 431
201 643
204 811
222 706
62 394
640 824
375 595
529 678
200 525
110 334
224 550
58 609
460 515
359 652
137 329
400 468
254 469
217 938
259 941
146 429
84 578
222 730
191 842
916 935
863 936
287 489
263 808
92 864
309 600
303 852
514 887
506 916
14 458
15 863
378 530
67 701
35 172
243 841
336 337
235 807
876 907
260 574
113 549
383 990
359 408
491 849
622 837
494 765
268 825
394 453
726 812
246 836
745 985
244 847
516 755
440 694
251 1009
95 218
430 771
165 269
533 764
450 712
236 914
845 945
40 523
293 865
384 838
332 878
132 173
105 777
336 761
50 939
522 717
325 599
442 762
529 997
211 759
240 944
498 918
340 496
238 938
135 622
42 404
398 465
435 464
181 600
495 858
410 613
116 703
43 952
704 814
369 947
133 814
370 675
501 939
711 879
729 799
60 226
144 705
346 875
476 904
391 458
298 480
82 1000
67 484
689 921
60 592
776 813
502 664
264 833
507 873
496 536
596 975
278 730
60 964
648 924
81 631
254 464
462 580
503 705
324 618
270 809
719 978
110 595
190 742
311 877
942 985
8 207
545 559
63 413
201 430
47 842
50 563
135 941
750 842
757 834
463 866
189 866
279 284
764 981
275 784
177 618
1 657
443 967
513 578
430 462
266 943
164 739
181 378
23 201
197 414
125 564
80 386
152 700
134 566
526 527
91 330
30 383
188 903
201 320
439 544
32 681
196 954
99 136
603 974
277 458
579 717
196 391
825 962
720 995
881 913
95 132
138 880
107 673
569 692
356 804
